method	n_cluster	seed	ari_value
Average-based	10	0	0.06542723949985521
Average-based	10	1	0.06716180211713854
Average-based	10	2	0.06718834140411169
Average-based	10	3	0.06411208696073106
Average-based	10	4	0.06893616593917169
Average-based	10	5	0.06767965356042668
Average-based	10	6	0.06873342387558762
Average-based	10	7	0.0677148738401363
Average-based	10	8	0.06566953600722422
Average-based	10	9	0.06769540121491958
Onehot-based	10	0	0.07544923821539178
Onehot-based	10	1	0.07725595755104124
Onehot-based	10	2	0.07710391877205332
Onehot-based	10	3	0.07500207979724924
Onehot-based	10	4	0.07434912017159519
Onehot-based	10	5	0.07712331866989094
Onehot-based	10	6	0.0780633700542996
Onehot-based	10	7	0.07769748301929608
Onehot-based	10	8	0.07704475212322075
Onehot-based	10	9	0.07915469759853333
wNMF-based	10	0	0.06523852177202197
wNMF-based	10	1	0.06543750856703975
wNMF-based	10	2	0.06370481283569504
wNMF-based	10	3	0.06521203675268263
wNMF-based	10	4	0.06584304432649445
wNMF-based	10	5	0.06533328165713993
wNMF-based	10	6	0.06532357433566825
wNMF-based	10	7	0.06563750679614977
wNMF-based	10	8	0.0646660224443542
wNMF-based	10	9	0.06422934475051796
Average-based	11	0	0.07076431745679337
Average-based	11	1	0.07392946585864782
Average-based	11	2	0.07292937391897793
Average-based	11	3	0.07062109510325335
Average-based	11	4	0.07459067992488887
Average-based	11	5	0.07565078575564838
Average-based	11	6	0.07065911811080712
Average-based	11	7	0.0719081201866974
Average-based	11	8	0.07080805972140672
Average-based	11	9	0.07015878060877676
Onehot-based	11	0	0.08283337450790888
Onehot-based	11	1	0.08520748099939461
Onehot-based	11	2	0.07491060154824955
Onehot-based	11	3	0.08665098650234407
Onehot-based	11	4	0.07902258491939193
Onehot-based	11	5	0.08423070134450257
Onehot-based	11	6	0.09069837070247243
Onehot-based	11	7	0.07881820864719809
Onehot-based	11	8	0.08896504186313328
Onehot-based	11	9	0.08975393866470265
wNMF-based	11	0	0.07013507424849058
wNMF-based	11	1	0.06655642531357375
wNMF-based	11	2	0.07197058559326505
wNMF-based	11	3	0.07214838480955514
wNMF-based	11	4	0.07203630209017206
wNMF-based	11	5	0.07019467989656307
wNMF-based	11	6	0.07248940186235715
wNMF-based	11	7	0.06944017574342608
wNMF-based	11	8	0.07143988893838756
wNMF-based	11	9	0.06753034973329816
Average-based	12	0	0.07361727741445201
Average-based	12	1	0.08462555099216354
Average-based	12	2	0.08043234996909307
Average-based	12	3	0.085133332964827
Average-based	12	4	0.07267443649923905
Average-based	12	5	0.07237312250987103
Average-based	12	6	0.07432804611590087
Average-based	12	7	0.06796691608301841
Average-based	12	8	0.08071282586435577
Average-based	12	9	0.08171589306223112
Onehot-based	12	0	0.1036734719056947
Onehot-based	12	1	0.0954763796237323
Onehot-based	12	2	0.09764523784949314
Onehot-based	12	3	0.10375860603226432
Onehot-based	12	4	0.0989096372793488
Onehot-based	12	5	0.09487951805837497
Onehot-based	12	6	0.09991000532832045
Onehot-based	12	7	0.10169872844734722
Onehot-based	12	8	0.10356432672374437
Onehot-based	12	9	0.09852709576371815
wNMF-based	12	0	0.07182859296974278
wNMF-based	12	1	0.07868117594144991
wNMF-based	12	2	0.0865899050523922
wNMF-based	12	3	0.07486275923326209
wNMF-based	12	4	0.07682588993835306
wNMF-based	12	5	0.07639134074020602
wNMF-based	12	6	0.08206972039250586
wNMF-based	12	7	0.08344691193646137
wNMF-based	12	8	0.08260293122958487
wNMF-based	12	9	0.08534341660754352
Average-based	13	0	0.07857349768315947
Average-based	13	1	0.08244086919510746
Average-based	13	2	0.08372949182426896
Average-based	13	3	0.07963400131860932
Average-based	13	4	0.09139307802206889
Average-based	13	5	0.08407190254888602
Average-based	13	6	0.08911742713435072
Average-based	13	7	0.08929965484356951
Average-based	13	8	0.0751777508215968
Average-based	13	9	0.08000263188355508
Onehot-based	13	0	0.09449205123639662
Onehot-based	13	1	0.10451947323842396
Onehot-based	13	2	0.10119530780150464
Onehot-based	13	3	0.09316061627153178
Onehot-based	13	4	0.09999532320503339
Onehot-based	13	5	0.09391578674546769
Onehot-based	13	6	0.09761596499110829
Onehot-based	13	7	0.10030423222140311
Onehot-based	13	8	0.09340957578319964
Onehot-based	13	9	0.09857592930711329
wNMF-based	13	0	0.07637223947816975
wNMF-based	13	1	0.07880831249330017
wNMF-based	13	2	0.0772827508840265
wNMF-based	13	3	0.08808014023690834
wNMF-based	13	4	0.08124445473106874
wNMF-based	13	5	0.0726976442457569
wNMF-based	13	6	0.0759843350902674
wNMF-based	13	7	0.07722332052857855
wNMF-based	13	8	0.07733504779536986
wNMF-based	13	9	0.07616836044903444
Average-based	14	0	0.07486083145549413
Average-based	14	1	0.07411862107144634
Average-based	14	2	0.08005093359315126
Average-based	14	3	0.07028327795641744
Average-based	14	4	0.07674179760516552
Average-based	14	5	0.07457592011335898
Average-based	14	6	0.07478195085910506
Average-based	14	7	0.07213842017246432
Average-based	14	8	0.06956354026639858
Average-based	14	9	0.07484301003494319
Onehot-based	14	0	0.08944567484001437
Onehot-based	14	1	0.08839005703191832
Onehot-based	14	2	0.09446345207206482
Onehot-based	14	3	0.09058391712823395
Onehot-based	14	4	0.09180291240242765
Onehot-based	14	5	0.09199441912039746
Onehot-based	14	6	0.08954080982332928
Onehot-based	14	7	0.08964084134190568
Onehot-based	14	8	0.0900858177644253
Onehot-based	14	9	0.09273609945062516
wNMF-based	14	0	0.06844724037429992
wNMF-based	14	1	0.0790037235211199
wNMF-based	14	2	0.07773653334047585
wNMF-based	14	3	0.07401453983992758
wNMF-based	14	4	0.07264308889630125
wNMF-based	14	5	0.08124817022739103
wNMF-based	14	6	0.07033450277158047
wNMF-based	14	7	0.07527070218634992
wNMF-based	14	8	0.0745645148442382
wNMF-based	14	9	0.0786641728212492
Average-based	15	0	0.07618402762475632
Average-based	15	1	0.07484844868119427
Average-based	15	2	0.0777363493220581
Average-based	15	3	0.0724248312757565
Average-based	15	4	0.07848529109988907
Average-based	15	5	0.08094848685245047
Average-based	15	6	0.07580494807766996
Average-based	15	7	0.07594119456682487
Average-based	15	8	0.08078665696990782
Average-based	15	9	0.0785267440465681
Onehot-based	15	0	0.08469359685673439
Onehot-based	15	1	0.09451439763304449
Onehot-based	15	2	0.08960372519112561
Onehot-based	15	3	0.0892433063438145
Onehot-based	15	4	0.08893115620859086
Onehot-based	15	5	0.09110368107844545
Onehot-based	15	6	0.09702346162881684
Onehot-based	15	7	0.09267145658235039
Onehot-based	15	8	0.09496942149245496
Onehot-based	15	9	0.0919036789814672
wNMF-based	15	0	0.07490062174757829
wNMF-based	15	1	0.08346938350452217
wNMF-based	15	2	0.08447566890820636
wNMF-based	15	3	0.0859102377327333
wNMF-based	15	4	0.08202634642476257
wNMF-based	15	5	0.08402979028954044
wNMF-based	15	6	0.08125340285381351
wNMF-based	15	7	0.08358861507596445
wNMF-based	15	8	0.0849684348380765
wNMF-based	15	9	0.08366198826982127
Average-based	16	0	0.08472053611961235
Average-based	16	1	0.08584411993557582
Average-based	16	2	0.08323840628826691
Average-based	16	3	0.09048849823168169
Average-based	16	4	0.08260937891481729
Average-based	16	5	0.08180645390456094
Average-based	16	6	0.07324849234794793
Average-based	16	7	0.07383199010214389
Average-based	16	8	0.08262643323007923
Average-based	16	9	0.07274252898803672
Onehot-based	16	0	0.0846819086832817
Onehot-based	16	1	0.09337083304641648
Onehot-based	16	2	0.0899869999500957
Onehot-based	16	3	0.09093321853204664
Onehot-based	16	4	0.09101633426522819
Onehot-based	16	5	0.09089948907481041
Onehot-based	16	6	0.08817594545315137
Onehot-based	16	7	0.08908105732772859
Onehot-based	16	8	0.09187308650912394
Onehot-based	16	9	0.09165296622907665
wNMF-based	16	0	0.08303610963419802
wNMF-based	16	1	0.0821152218160488
wNMF-based	16	2	0.08161979200168783
wNMF-based	16	3	0.08025591920881364
wNMF-based	16	4	0.07388174387783224
wNMF-based	16	5	0.07279586276234655
wNMF-based	16	6	0.07788172763871754
wNMF-based	16	7	0.08172896088445375
wNMF-based	16	8	0.08522640055412647
wNMF-based	16	9	0.07629311316618298
Average-based	17	0	0.06599568472488052
Average-based	17	1	0.07400522035399189
Average-based	17	2	0.07702660481559102
Average-based	17	3	0.06702397473521021
Average-based	17	4	0.06059935028155262
Average-based	17	5	0.07520363019102266
Average-based	17	6	0.07720103334719278
Average-based	17	7	0.06675059813643076
Average-based	17	8	0.06903631727885873
Average-based	17	9	0.07379461347334691
Onehot-based	17	0	0.09447517544097703
Onehot-based	17	1	0.09297863378156725
Onehot-based	17	2	0.09130165103249192
Onehot-based	17	3	0.09228393690496318
Onehot-based	17	4	0.09268958974146711
Onehot-based	17	5	0.08980066917659636
Onehot-based	17	6	0.09313539713748228
Onehot-based	17	7	0.09529230430876912
Onehot-based	17	8	0.0956246314263651
Onehot-based	17	9	0.09384360808467253
wNMF-based	17	0	0.07327538699609863
wNMF-based	17	1	0.07176960612362496
wNMF-based	17	2	0.07089024083683583
wNMF-based	17	3	0.07012587929345702
wNMF-based	17	4	0.07875600938883592
wNMF-based	17	5	0.07090803756631558
wNMF-based	17	6	0.06930701078794528
wNMF-based	17	7	0.07891947506543195
wNMF-based	17	8	0.0745112296096518
wNMF-based	17	9	0.07470401609758881
Average-based	18	0	0.07763139839636482
Average-based	18	1	0.06582143551710158
Average-based	18	2	0.07691065836094099
Average-based	18	3	0.07132360378088504
Average-based	18	4	0.07584085450422112
Average-based	18	5	0.07822915803885884
Average-based	18	6	0.08249282525760142
Average-based	18	7	0.07716370921659209
Average-based	18	8	0.07268490828123417
Average-based	18	9	0.0706932058693812
Onehot-based	18	0	0.09373596457221503
Onehot-based	18	1	0.09410688563334631
Onehot-based	18	2	0.09372787491805092
Onehot-based	18	3	0.09241948613065433
Onehot-based	18	4	0.09481976828203416
Onehot-based	18	5	0.0945844927320413
Onehot-based	18	6	0.09406381902100226
Onehot-based	18	7	0.09381503951612552
Onehot-based	18	8	0.09456674123427826
Onehot-based	18	9	0.09298352986238448
wNMF-based	18	0	0.07882439963378647
wNMF-based	18	1	0.07591614420669707
wNMF-based	18	2	0.07630777978190469
wNMF-based	18	3	0.07861516543518188
wNMF-based	18	4	0.07410461479126548
wNMF-based	18	5	0.08108189438165421
wNMF-based	18	6	0.07522518913580936
wNMF-based	18	7	0.0756253184962661
wNMF-based	18	8	0.07908580928435031
wNMF-based	18	9	0.0663959388446109
Average-based	19	0	0.0812117049261926
Average-based	19	1	0.07917841411966695
Average-based	19	2	0.08364165971186786
Average-based	19	3	0.07476880919205658
Average-based	19	4	0.08171527849730312
Average-based	19	5	0.07759132531636348
Average-based	19	6	0.07804534849821287
Average-based	19	7	0.07501883782865894
Average-based	19	8	0.07831736852434608
Average-based	19	9	0.07921602267435135
Onehot-based	19	0	0.09381604358852223
Onehot-based	19	1	0.09417771885361939
Onehot-based	19	2	0.09276525538594148
Onehot-based	19	3	0.0957211209129648
Onehot-based	19	4	0.09164148200960115
Onehot-based	19	5	0.08774368074637015
Onehot-based	19	6	0.09472192648012641
Onehot-based	19	7	0.08771939783372104
Onehot-based	19	8	0.08585368955778842
Onehot-based	19	9	0.09413780515046644
wNMF-based	19	0	0.08074961603429442
wNMF-based	19	1	0.08519809198257684
wNMF-based	19	2	0.07229671851578927
wNMF-based	19	3	0.0754103662534435
wNMF-based	19	4	0.08229993021051626
wNMF-based	19	5	0.0780113651175835
wNMF-based	19	6	0.07717563883403301
wNMF-based	19	7	0.07539232550441788
wNMF-based	19	8	0.08288024035605172
wNMF-based	19	9	0.08308329139026094
Average-based	20	0	0.07432897215157015
Average-based	20	1	0.07274639478876722
Average-based	20	2	0.07261572225091702
Average-based	20	3	0.0819175041067899
Average-based	20	4	0.07010679835769312
Average-based	20	5	0.0696516210507871
Average-based	20	6	0.07921927238282747
Average-based	20	7	0.07225221911603388
Average-based	20	8	0.07530792634209003
Average-based	20	9	0.08444438803179796
Onehot-based	20	0	0.09530284359587927
Onehot-based	20	1	0.09341172032224232
Onehot-based	20	2	0.09977408102356079
Onehot-based	20	3	0.089888505358775
Onehot-based	20	4	0.08717210460412624
Onehot-based	20	5	0.10204095537635284
Onehot-based	20	6	0.09366230028762748
Onehot-based	20	7	0.09917879167115194
Onehot-based	20	8	0.09439832759741092
Onehot-based	20	9	0.09717970993815322
wNMF-based	20	0	0.07099917031128045
wNMF-based	20	1	0.07053127010940374
wNMF-based	20	2	0.07267989516467484
wNMF-based	20	3	0.06890755730945258
wNMF-based	20	4	0.07683294720936938
wNMF-based	20	5	0.07378677940360148
wNMF-based	20	6	0.06906981631613253
wNMF-based	20	7	0.07195240249798926
wNMF-based	20	8	0.06972743471140884
wNMF-based	20	9	0.07499885919604016
