method	n_cluster	seed	ari_value
Average-based	10	0	0.20222385975694376
Average-based	10	1	0.1968089325452058
Average-based	10	2	0.19811770052907773
Average-based	10	3	0.19330395189856558
Average-based	10	4	0.19944340579748618
Average-based	10	5	0.19857073528804003
Average-based	10	6	0.2032869076361797
Average-based	10	7	0.20157723505181735
Average-based	10	8	0.19380590736965528
Average-based	10	9	0.20122797984825458
Onehot-based	10	0	0.19426160487616936
Onehot-based	10	1	0.1900922637997765
Onehot-based	10	2	0.19844544601118103
Onehot-based	10	3	0.2018444576130794
Onehot-based	10	4	0.19098218139375586
Onehot-based	10	5	0.201049822957251
Onehot-based	10	6	0.19717413998406008
Onehot-based	10	7	0.1957551206978908
Onehot-based	10	8	0.20102968148003997
Onehot-based	10	9	0.19695598850856041
wNMF-based	10	0	0.199194008959166
wNMF-based	10	1	0.19893898033123483
wNMF-based	10	2	0.19816606117839067
wNMF-based	10	3	0.19804281377163893
wNMF-based	10	4	0.19825540957677695
wNMF-based	10	5	0.1982911418605141
wNMF-based	10	6	0.19819369087754982
wNMF-based	10	7	0.1990292274786777
wNMF-based	10	8	0.1980868020876954
wNMF-based	10	9	0.19893898033123483
Average-based	11	0	0.20049254021752688
Average-based	11	1	0.19958653981743416
Average-based	11	2	0.20066852759024886
Average-based	11	3	0.20060430569870452
Average-based	11	4	0.19762263506752223
Average-based	11	5	0.20024270599390087
Average-based	11	6	0.2003737987826976
Average-based	11	7	0.20112651918533586
Average-based	11	8	0.2003737987826976
Average-based	11	9	0.19997657170043018
Onehot-based	11	0	0.19563927423287614
Onehot-based	11	1	0.19624986847657713
Onehot-based	11	2	0.19915923544621786
Onehot-based	11	3	0.20004859406413472
Onehot-based	11	4	0.19569902919979223
Onehot-based	11	5	0.19547617755584576
Onehot-based	11	6	0.2077309807655755
Onehot-based	11	7	0.19571570867063862
Onehot-based	11	8	0.20070342304856403
Onehot-based	11	9	0.19873120090387073
wNMF-based	11	0	0.21071096952120916
wNMF-based	11	1	0.2131432028447032
wNMF-based	11	2	0.19077644283337325
wNMF-based	11	3	0.21383751485832975
wNMF-based	11	4	0.1856082127843905
wNMF-based	11	5	0.19808080127310693
wNMF-based	11	6	0.19145751179135903
wNMF-based	11	7	0.19249405328382183
wNMF-based	11	8	0.18809732355387415
wNMF-based	11	9	0.18706457229273993
Average-based	12	0	0.20072429022256869
Average-based	12	1	0.19639495200886103
Average-based	12	2	0.17749367865925325
Average-based	12	3	0.2057000242914544
Average-based	12	4	0.19729074919501596
Average-based	12	5	0.19774302448882491
Average-based	12	6	0.20762199102209883
Average-based	12	7	0.2057000242914544
Average-based	12	8	0.20407896684733123
Average-based	12	9	0.19545706730382548
Onehot-based	12	0	0.17945314470038995
Onehot-based	12	1	0.19756567332860434
Onehot-based	12	2	0.1990275976235592
Onehot-based	12	3	0.1947312605760539
Onehot-based	12	4	0.19366596210316983
Onehot-based	12	5	0.18003937146540483
Onehot-based	12	6	0.18701728479797655
Onehot-based	12	7	0.2046248378087034
Onehot-based	12	8	0.1961368936926333
Onehot-based	12	9	0.1893793001164342
wNMF-based	12	0	0.18420095075978407
wNMF-based	12	1	0.1874652552669872
wNMF-based	12	2	0.18403846713821884
wNMF-based	12	3	0.1868116426829186
wNMF-based	12	4	0.194659579033475
wNMF-based	12	5	0.18834051819218411
wNMF-based	12	6	0.18210568009167394
wNMF-based	12	7	0.18431748055185024
wNMF-based	12	8	0.1856795040949993
wNMF-based	12	9	0.1839321374280706
Average-based	13	0	0.17666626391996462
Average-based	13	1	0.18000049941670548
Average-based	13	2	0.18882769769204277
Average-based	13	3	0.17981855934452093
Average-based	13	4	0.17538053963454303
Average-based	13	5	0.1776392204032876
Average-based	13	6	0.17984317947610498
Average-based	13	7	0.19799683409342184
Average-based	13	8	0.17989893551887143
Average-based	13	9	0.17984317947610498
Onehot-based	13	0	0.19270241703965124
Onehot-based	13	1	0.16487418769110979
Onehot-based	13	2	0.18207562886420256
Onehot-based	13	3	0.16609456177402482
Onehot-based	13	4	0.19756717513893746
Onehot-based	13	5	0.18406335769195314
Onehot-based	13	6	0.19742896727416212
Onehot-based	13	7	0.19735316111051904
Onehot-based	13	8	0.17418986421273897
Onehot-based	13	9	0.19375363806670726
wNMF-based	13	0	0.19114495146814206
wNMF-based	13	1	0.18753429759703724
wNMF-based	13	2	0.1922181586328877
wNMF-based	13	3	0.18242662678827692
wNMF-based	13	4	0.19019358445988888
wNMF-based	13	5	0.18611372566099232
wNMF-based	13	6	0.19240826681787832
wNMF-based	13	7	0.181299118196009
wNMF-based	13	8	0.18858089966646158
wNMF-based	13	9	0.18486026957073465
Average-based	14	0	0.1804941028060841
Average-based	14	1	0.18260362389368384
Average-based	14	2	0.18472229259284917
Average-based	14	3	0.1834189976425069
Average-based	14	4	0.18456277374280491
Average-based	14	5	0.18502539844856772
Average-based	14	6	0.18870413855925688
Average-based	14	7	0.1865959408819032
Average-based	14	8	0.188242566353516
Average-based	14	9	0.1833876260494009
Onehot-based	14	0	0.17991898209373977
Onehot-based	14	1	0.19127568872095396
Onehot-based	14	2	0.17787243467346026
Onehot-based	14	3	0.20554834908811154
Onehot-based	14	4	0.20563606494320777
Onehot-based	14	5	0.1962336189353549
Onehot-based	14	6	0.20127294396196932
Onehot-based	14	7	0.20659422949076642
Onehot-based	14	8	0.1910066135502708
Onehot-based	14	9	0.20064018283913512
wNMF-based	14	0	0.19167276091032512
wNMF-based	14	1	0.18554461108420975
wNMF-based	14	2	0.1836833344706375
wNMF-based	14	3	0.18558743345741135
wNMF-based	14	4	0.18327557826210994
wNMF-based	14	5	0.18638880335938351
wNMF-based	14	6	0.19409288093706226
wNMF-based	14	7	0.18733420354482222
wNMF-based	14	8	0.1918551528198353
wNMF-based	14	9	0.18691718648292668
Average-based	15	0	0.19703488709074024
Average-based	15	1	0.1858247827116911
Average-based	15	2	0.18430622680582595
Average-based	15	3	0.18524704029405542
Average-based	15	4	0.18340523530011546
Average-based	15	5	0.20093288038794072
Average-based	15	6	0.1810705654084026
Average-based	15	7	0.19478612695054714
Average-based	15	8	0.179815805601497
Average-based	15	9	0.18155229690310126
Onehot-based	15	0	0.17861392540664528
Onehot-based	15	1	0.18038156634655214
Onehot-based	15	2	0.1835971886605822
Onehot-based	15	3	0.18167603973613583
Onehot-based	15	4	0.17876027929302205
Onehot-based	15	5	0.18614560788345336
Onehot-based	15	6	0.19988044708434027
Onehot-based	15	7	0.18103459062745972
Onehot-based	15	8	0.18381904388360457
Onehot-based	15	9	0.18702413096594772
wNMF-based	15	0	0.18606461696459806
wNMF-based	15	1	0.19483642239770538
wNMF-based	15	2	0.19430795159517944
wNMF-based	15	3	0.1904499405516818
wNMF-based	15	4	0.1915568646290817
wNMF-based	15	5	0.19365089162847454
wNMF-based	15	6	0.1959277894416047
wNMF-based	15	7	0.19426786311686478
wNMF-based	15	8	0.1909190188768735
wNMF-based	15	9	0.17925831764526726
Average-based	16	0	0.17506427568646105
Average-based	16	1	0.1730768687410257
Average-based	16	2	0.17971477588498214
Average-based	16	3	0.18194276098075268
Average-based	16	4	0.1837485079445283
Average-based	16	5	0.18059406726953264
Average-based	16	6	0.17941320257326102
Average-based	16	7	0.183186854792239
Average-based	16	8	0.18288730474833806
Average-based	16	9	0.18053217429057497
Onehot-based	16	0	0.1981634225268717
Onehot-based	16	1	0.21153869791856078
Onehot-based	16	2	0.18389862926607414
Onehot-based	16	3	0.1786400871919016
Onehot-based	16	4	0.18782421469045102
Onehot-based	16	5	0.17137803283341593
Onehot-based	16	6	0.17514797360831386
Onehot-based	16	7	0.16768447973329392
Onehot-based	16	8	0.18043573655122566
Onehot-based	16	9	0.1860433291990293
wNMF-based	16	0	0.18045923901342464
wNMF-based	16	1	0.17234339363537207
wNMF-based	16	2	0.17526680724560825
wNMF-based	16	3	0.18528122848743284
wNMF-based	16	4	0.18393527214235317
wNMF-based	16	5	0.17614520257166943
wNMF-based	16	6	0.18250471474027666
wNMF-based	16	7	0.18120643737473324
wNMF-based	16	8	0.1761327383244168
wNMF-based	16	9	0.18754245799655364
Average-based	17	0	0.17635294038796445
Average-based	17	1	0.16691084229297706
Average-based	17	2	0.1827569948613752
Average-based	17	3	0.1818404185331305
Average-based	17	4	0.18511760397376037
Average-based	17	5	0.18576622413630026
Average-based	17	6	0.1756497622557887
Average-based	17	7	0.18477773833219452
Average-based	17	8	0.17831447288086674
Average-based	17	9	0.17776093527841713
Onehot-based	17	0	0.1800947797920737
Onehot-based	17	1	0.16581701073730631
Onehot-based	17	2	0.16959844526066364
Onehot-based	17	3	0.16403597263774974
Onehot-based	17	4	0.1824269621084514
Onehot-based	17	5	0.17933824236784704
Onehot-based	17	6	0.16989135314130563
Onehot-based	17	7	0.16588864994172503
Onehot-based	17	8	0.16934532313414571
Onehot-based	17	9	0.16193026901732968
wNMF-based	17	0	0.15930678597154022
wNMF-based	17	1	0.16667658822413275
wNMF-based	17	2	0.17754449235297104
wNMF-based	17	3	0.1757374570663467
wNMF-based	17	4	0.1709325210437747
wNMF-based	17	5	0.1697152016608004
wNMF-based	17	6	0.17872354246802818
wNMF-based	17	7	0.17544370130231485
wNMF-based	17	8	0.17411344790875619
wNMF-based	17	9	0.181476089581629
Average-based	18	0	0.17683407308686117
Average-based	18	1	0.15293194664994594
Average-based	18	2	0.17897992785914943
Average-based	18	3	0.176438989655029
Average-based	18	4	0.1479682864416454
Average-based	18	5	0.1742457160058545
Average-based	18	6	0.19016394831142444
Average-based	18	7	0.18203104589760066
Average-based	18	8	0.15280886058991505
Average-based	18	9	0.15025688763287665
Onehot-based	18	0	0.18205577798699832
Onehot-based	18	1	0.17402207267556868
Onehot-based	18	2	0.1564291910598933
Onehot-based	18	3	0.17693223904517336
Onehot-based	18	4	0.15900150479336564
Onehot-based	18	5	0.15525289114823596
Onehot-based	18	6	0.1816900032976999
Onehot-based	18	7	0.1619227028131152
Onehot-based	18	8	0.15653266575895322
Onehot-based	18	9	0.1554394920660742
wNMF-based	18	0	0.15989826962782805
wNMF-based	18	1	0.17050867716377924
wNMF-based	18	2	0.18485941714082613
wNMF-based	18	3	0.16594573760880268
wNMF-based	18	4	0.16313541819640104
wNMF-based	18	5	0.16845717388280265
wNMF-based	18	6	0.1649813034273386
wNMF-based	18	7	0.1754370772789126
wNMF-based	18	8	0.16868975545887355
wNMF-based	18	9	0.15401453490036535
Average-based	19	0	0.17696170537901848
Average-based	19	1	0.16024353922523576
Average-based	19	2	0.17196757660138343
Average-based	19	3	0.1981871627688887
Average-based	19	4	0.15962820089796903
Average-based	19	5	0.15312246981973876
Average-based	19	6	0.180389082457733
Average-based	19	7	0.16679578878374274
Average-based	19	8	0.15473435975781896
Average-based	19	9	0.1802752188508122
Onehot-based	19	0	0.16833017952059542
Onehot-based	19	1	0.1542087408109189
Onehot-based	19	2	0.1764002997423001
Onehot-based	19	3	0.15584303119860815
Onehot-based	19	4	0.1796042830049671
Onehot-based	19	5	0.15655056573523404
Onehot-based	19	6	0.18676022894945482
Onehot-based	19	7	0.1779524093218328
Onehot-based	19	8	0.1703711680660127
Onehot-based	19	9	0.17930285028603085
wNMF-based	19	0	0.16220944215646146
wNMF-based	19	1	0.1728521862508836
wNMF-based	19	2	0.15784007884575374
wNMF-based	19	3	0.18087145562265458
wNMF-based	19	4	0.1626661843200772
wNMF-based	19	5	0.15182842801771687
wNMF-based	19	6	0.17226249539938485
wNMF-based	19	7	0.14678083707668915
wNMF-based	19	8	0.16090544371740187
wNMF-based	19	9	0.15182311668920925
Average-based	20	0	0.16740405201696526
Average-based	20	1	0.1531523949293786
Average-based	20	2	0.15922022498099664
Average-based	20	3	0.17352099580451916
Average-based	20	4	0.18542963610408406
Average-based	20	5	0.1456771813028867
Average-based	20	6	0.16007280754550293
Average-based	20	7	0.15361188786823965
Average-based	20	8	0.18069671191554817
Average-based	20	9	0.18206784563594855
Onehot-based	20	0	0.15814952906283652
Onehot-based	20	1	0.159504350322773
Onehot-based	20	2	0.16311157745858984
Onehot-based	20	3	0.1700974421968946
Onehot-based	20	4	0.16734637162430482
Onehot-based	20	5	0.1604522018637797
Onehot-based	20	6	0.18839527248978105
Onehot-based	20	7	0.1630527088160013
Onehot-based	20	8	0.1569221769881355
Onehot-based	20	9	0.1489463350531667
wNMF-based	20	0	0.17536529990759692
wNMF-based	20	1	0.1518400403306082
wNMF-based	20	2	0.15091132891843617
wNMF-based	20	3	0.15535899964119854
wNMF-based	20	4	0.17672690955094822
wNMF-based	20	5	0.15530485175842146
wNMF-based	20	6	0.15536789137187826
wNMF-based	20	7	0.15751647234427033
wNMF-based	20	8	0.15166238964874088
wNMF-based	20	9	0.17616884755550558
