method	n_cluster	seed	ari_value
Average-based	10	0	0.4789477673394565
Average-based	10	1	0.480896619117441
Average-based	10	2	0.4795857084643724
Average-based	10	3	0.4802604194544418
Average-based	10	4	0.4795857084643724
Average-based	10	5	0.4802604194544418
Average-based	10	6	0.4802604194544418
Average-based	10	7	0.480641375969933
Average-based	10	8	0.4795857084643724
Average-based	10	9	0.480641375969933
Onehot-based	10	0	0.5005645729400344
Onehot-based	10	1	0.5005645729400344
Onehot-based	10	2	0.5005645729400344
Onehot-based	10	3	0.5005645729400344
Onehot-based	10	4	0.5005645729400344
Onehot-based	10	5	0.5005645729400344
Onehot-based	10	6	0.5005645729400344
Onehot-based	10	7	0.5005645729400344
Onehot-based	10	8	0.5005645729400344
Onehot-based	10	9	0.5005645729400344
wNMF-based	10	0	0.4905912844251543
wNMF-based	10	1	0.49100669792620993
wNMF-based	10	2	0.4913645158666715
wNMF-based	10	3	0.4922776498554538
wNMF-based	10	4	0.49124191504800396
wNMF-based	10	5	0.49100669792620993
wNMF-based	10	6	0.4942007664482628
wNMF-based	10	7	0.4942007664482628
wNMF-based	10	8	0.49100669792620993
wNMF-based	10	9	0.4942007664482628
Average-based	11	0	0.5143836513508584
Average-based	11	1	0.5141852194595298
Average-based	11	2	0.514390359475348
Average-based	11	3	0.514390359475348
Average-based	11	4	0.514390359475348
Average-based	11	5	0.5143836513508584
Average-based	11	6	0.5141852194595298
Average-based	11	7	0.514390359475348
Average-based	11	8	0.5129455937587154
Average-based	11	9	0.5143836513508584
Onehot-based	11	0	0.5131498895267532
Onehot-based	11	1	0.5131498895267532
Onehot-based	11	2	0.5131498895267532
Onehot-based	11	3	0.5131498895267532
Onehot-based	11	4	0.5131498895267532
Onehot-based	11	5	0.5131498895267532
Onehot-based	11	6	0.5131498895267532
Onehot-based	11	7	0.5131498895267532
Onehot-based	11	8	0.5131498895267532
Onehot-based	11	9	0.5131498895267532
wNMF-based	11	0	0.5124536740260578
wNMF-based	11	1	0.5122957550263556
wNMF-based	11	2	0.5124536740260578
wNMF-based	11	3	0.5122998380282736
wNMF-based	11	4	0.5139157015760643
wNMF-based	11	5	0.5137174677401406
wNMF-based	11	6	0.5135546333862915
wNMF-based	11	7	0.5122998380282736
wNMF-based	11	8	0.5122998380282736
wNMF-based	11	9	0.5124536740260578
Average-based	12	0	0.5103428670711395
Average-based	12	1	0.4973949660242428
Average-based	12	2	0.5090407050513259
Average-based	12	3	0.5095813158183586
Average-based	12	4	0.4971326807933175
Average-based	12	5	0.4973949660242428
Average-based	12	6	0.4951330734065748
Average-based	12	7	0.4964478038414519
Average-based	12	8	0.4971495962450796
Average-based	12	9	0.4971495962450796
Onehot-based	12	0	0.5077018569747679
Onehot-based	12	1	0.5081553059669867
Onehot-based	12	2	0.506842622868396
Onehot-based	12	3	0.506842622868396
Onehot-based	12	4	0.5098758331642915
Onehot-based	12	5	0.5077018569747679
Onehot-based	12	6	0.506842622868396
Onehot-based	12	7	0.5060837283648306
Onehot-based	12	8	0.506842622868396
Onehot-based	12	9	0.506842622868396
wNMF-based	12	0	0.5039653656113395
wNMF-based	12	1	0.5039653656113395
wNMF-based	12	2	0.5039653656113395
wNMF-based	12	3	0.49043814035070743
wNMF-based	12	4	0.5039653656113395
wNMF-based	12	5	0.5046260270081987
wNMF-based	12	6	0.5018505417932824
wNMF-based	12	7	0.5014590953818668
wNMF-based	12	8	0.5039653656113395
wNMF-based	12	9	0.5005338520559128
Average-based	13	0	0.5255842863986645
Average-based	13	1	0.5252514747577848
Average-based	13	2	0.5255842863986645
Average-based	13	3	0.522819086636547
Average-based	13	4	0.5252514747577848
Average-based	13	5	0.5060297593149992
Average-based	13	6	0.5252514747577848
Average-based	13	7	0.5258016969609791
Average-based	13	8	0.5259583069636493
Average-based	13	9	0.5257676137433417
Onehot-based	13	0	0.5223370201033457
Onehot-based	13	1	0.5238854293949414
Onehot-based	13	2	0.5238854293949414
Onehot-based	13	3	0.5246784220370343
Onehot-based	13	4	0.5246784220370343
Onehot-based	13	5	0.5246784220370343
Onehot-based	13	6	0.5246784220370343
Onehot-based	13	7	0.5246784220370343
Onehot-based	13	8	0.5223370201033457
Onehot-based	13	9	0.5215459956845002
wNMF-based	13	0	0.4540102629925517
wNMF-based	13	1	0.4585689162232852
wNMF-based	13	2	0.4540102629925517
wNMF-based	13	3	0.44196670448011405
wNMF-based	13	4	0.4541619459849987
wNMF-based	13	5	0.4420244207875027
wNMF-based	13	6	0.453930465940531
wNMF-based	13	7	0.4456878607834659
wNMF-based	13	8	0.4540102629925517
wNMF-based	13	9	0.4541619459849987
Average-based	14	0	0.5268752536189895
Average-based	14	1	0.5259840204416573
Average-based	14	2	0.5264446543656237
Average-based	14	3	0.5265906424051159
Average-based	14	4	0.5267377452391055
Average-based	14	5	0.5255494554093773
Average-based	14	6	0.5267377452391055
Average-based	14	7	0.5263751359002696
Average-based	14	8	0.5145165056635022
Average-based	14	9	0.5224007807068111
Onehot-based	14	0	0.5255700243680843
Onehot-based	14	1	0.5245950893211915
Onehot-based	14	2	0.525564276891169
Onehot-based	14	3	0.5245950893211915
Onehot-based	14	4	0.5245950893211915
Onehot-based	14	5	0.5245950893211915
Onehot-based	14	6	0.5255700243680843
Onehot-based	14	7	0.5244968561043257
Onehot-based	14	8	0.5245893338120332
Onehot-based	14	9	0.5244968561043257
wNMF-based	14	0	0.4817588097861442
wNMF-based	14	1	0.4896019670207938
wNMF-based	14	2	0.49002483244819295
wNMF-based	14	3	0.49002483244819295
wNMF-based	14	4	0.48971840891331025
wNMF-based	14	5	0.4896019670207938
wNMF-based	14	6	0.4896019670207938
wNMF-based	14	7	0.4896019670207938
wNMF-based	14	8	0.48971840891331025
wNMF-based	14	9	0.4736204983971255
Average-based	15	0	0.5226278321325839
Average-based	15	1	0.522060273094073
Average-based	15	2	0.5212243227655996
Average-based	15	3	0.5226278321325839
Average-based	15	4	0.5224908221945557
Average-based	15	5	0.522060273094073
Average-based	15	6	0.5226766903334512
Average-based	15	7	0.522060273094073
Average-based	15	8	0.522060273094073
Average-based	15	9	0.5212243227655996
Onehot-based	15	0	0.5223303790599759
Onehot-based	15	1	0.5226610842216336
Onehot-based	15	2	0.5226610842216336
Onehot-based	15	3	0.5228298521849211
Onehot-based	15	4	0.5226610842216336
Onehot-based	15	5	0.5214676077364478
Onehot-based	15	6	0.5207858050262475
Onehot-based	15	7	0.5191472192629534
Onehot-based	15	8	0.5228298521849211
Onehot-based	15	9	0.5193143419549389
wNMF-based	15	0	0.44685928388459234
wNMF-based	15	1	0.4459504204905524
wNMF-based	15	2	0.4561830504825816
wNMF-based	15	3	0.4567010418043785
wNMF-based	15	4	0.45625456648494844
wNMF-based	15	5	0.4562511407459946
wNMF-based	15	6	0.45572808640480184
wNMF-based	15	7	0.46095133995178106
wNMF-based	15	8	0.4636787437883919
wNMF-based	15	9	0.4558261994486351
Average-based	16	0	0.5088066404724199
Average-based	16	1	0.5065119894633688
Average-based	16	2	0.4787383685650461
Average-based	16	3	0.5060561408740539
Average-based	16	4	0.47710302525587955
Average-based	16	5	0.507457439137375
Average-based	16	6	0.508026435070617
Average-based	16	7	0.5227249561851431
Average-based	16	8	0.5038306897627471
Average-based	16	9	0.5052234035693891
Onehot-based	16	0	0.5171201503584629
Onehot-based	16	1	0.4851015091187002
Onehot-based	16	2	0.5150132419828145
Onehot-based	16	3	0.4806277966958534
Onehot-based	16	4	0.48229911869908215
Onehot-based	16	5	0.5171201503584629
Onehot-based	16	6	0.4814846167784289
Onehot-based	16	7	0.5149132245210514
Onehot-based	16	8	0.4810415452654174
Onehot-based	16	9	0.48321634921969503
wNMF-based	16	0	0.46449002254927624
wNMF-based	16	1	0.47628023918979534
wNMF-based	16	2	0.4703531366070452
wNMF-based	16	3	0.4694622128951087
wNMF-based	16	4	0.4687634534257185
wNMF-based	16	5	0.45875923701877513
wNMF-based	16	6	0.47058274325975946
wNMF-based	16	7	0.46376943707201645
wNMF-based	16	8	0.46731548569253845
wNMF-based	16	9	0.4719196620786289
Average-based	17	0	0.4808105676070725
Average-based	17	1	0.474913891034769
Average-based	17	2	0.48166307251458834
Average-based	17	3	0.48166307251458834
Average-based	17	4	0.48211391057890635
Average-based	17	5	0.4760688329850186
Average-based	17	6	0.48166307251458834
Average-based	17	7	0.48122594437571764
Average-based	17	8	0.48211391057890635
Average-based	17	9	0.48211391057890635
Onehot-based	17	0	0.4949316690893897
Onehot-based	17	1	0.49494882167510934
Onehot-based	17	2	0.47802203530196724
Onehot-based	17	3	0.49503502485079914
Onehot-based	17	4	0.4803895285515773
Onehot-based	17	5	0.4949316690893897
Onehot-based	17	6	0.4949316690893897
Onehot-based	17	7	0.4949316690893897
Onehot-based	17	8	0.49538142583461797
Onehot-based	17	9	0.4949316690893897
wNMF-based	17	0	0.46814944495259053
wNMF-based	17	1	0.478946419340551
wNMF-based	17	2	0.4803792501768119
wNMF-based	17	3	0.48026012951355446
wNMF-based	17	4	0.4807140986087696
wNMF-based	17	5	0.4806604209417947
wNMF-based	17	6	0.47217979637668206
wNMF-based	17	7	0.4719399308743573
wNMF-based	17	8	0.4679085937259009
wNMF-based	17	9	0.47852646229639917
Average-based	18	0	0.4571582201754154
Average-based	18	1	0.4563418515270061
Average-based	18	2	0.46569325339382467
Average-based	18	3	0.4559218509489445
Average-based	18	4	0.4555815766510545
Average-based	18	5	0.4531947614772815
Average-based	18	6	0.4511542618777057
Average-based	18	7	0.4485536187414893
Average-based	18	8	0.4531947614772815
Average-based	18	9	0.45006078527488985
Onehot-based	18	0	0.48411314439480596
Onehot-based	18	1	0.4743747286567845
Onehot-based	18	2	0.4610450167099136
Onehot-based	18	3	0.4810682179879736
Onehot-based	18	4	0.4663478334561713
Onehot-based	18	5	0.482470858840228
Onehot-based	18	6	0.4810682179879736
Onehot-based	18	7	0.4847292040136418
Onehot-based	18	8	0.47885809410495006
Onehot-based	18	9	0.4794917874889384
wNMF-based	18	0	0.4763224063201721
wNMF-based	18	1	0.47126542114862047
wNMF-based	18	2	0.46315094138304214
wNMF-based	18	3	0.46965861024981426
wNMF-based	18	4	0.47720039065446895
wNMF-based	18	5	0.455066179213239
wNMF-based	18	6	0.4751276751439118
wNMF-based	18	7	0.4679143584142678
wNMF-based	18	8	0.4679539920149652
wNMF-based	18	9	0.4763224063201721
Average-based	19	0	0.4532557820211676
Average-based	19	1	0.4453135383488981
Average-based	19	2	0.4600326885079028
Average-based	19	3	0.4522036120509517
Average-based	19	4	0.45453341443516854
Average-based	19	5	0.45184284954362514
Average-based	19	6	0.45514672358193947
Average-based	19	7	0.4459881208059811
Average-based	19	8	0.45262711882525974
Average-based	19	9	0.45355578327892926
Onehot-based	19	0	0.4707271239319324
Onehot-based	19	1	0.4621386076813023
Onehot-based	19	2	0.46141666347472665
Onehot-based	19	3	0.4597084711952308
Onehot-based	19	4	0.4633527094978767
Onehot-based	19	5	0.46734453743519644
Onehot-based	19	6	0.4700530468718109
Onehot-based	19	7	0.46583754844832254
Onehot-based	19	8	0.4620718227288064
Onehot-based	19	9	0.4623670607562804
wNMF-based	19	0	0.4541092120502499
wNMF-based	19	1	0.44472861277680675
wNMF-based	19	2	0.45550746902797457
wNMF-based	19	3	0.4156827652362883
wNMF-based	19	4	0.44296794642014165
wNMF-based	19	5	0.4570244477819591
wNMF-based	19	6	0.4427986897787016
wNMF-based	19	7	0.44381196757429137
wNMF-based	19	8	0.44580903875142774
wNMF-based	19	9	0.45101923144312717
Average-based	20	0	0.43635318994271305
Average-based	20	1	0.4312437795807946
Average-based	20	2	0.44668865243759737
Average-based	20	3	0.4579887640951623
Average-based	20	4	0.4324464800299047
Average-based	20	5	0.4280749495161084
Average-based	20	6	0.44049171633400225
Average-based	20	7	0.44025038225425517
Average-based	20	8	0.4522537921275249
Average-based	20	9	0.4346214122669085
Onehot-based	20	0	0.4486169571966409
Onehot-based	20	1	0.4479480421748215
Onehot-based	20	2	0.4486107795560496
Onehot-based	20	3	0.4496562905441916
Onehot-based	20	4	0.4490779055543865
Onehot-based	20	5	0.4492654307355668
Onehot-based	20	6	0.4617808341828208
Onehot-based	20	7	0.4513645472655111
Onehot-based	20	8	0.46586582994065084
Onehot-based	20	9	0.4484904665231966
wNMF-based	20	0	0.4541558354794186
wNMF-based	20	1	0.4226386098975816
wNMF-based	20	2	0.41909026313138187
wNMF-based	20	3	0.43186246116230437
wNMF-based	20	4	0.4219799130645839
wNMF-based	20	5	0.4495611858781705
wNMF-based	20	6	0.41943833455299384
wNMF-based	20	7	0.45166113412002773
wNMF-based	20	8	0.4265766959600715
wNMF-based	20	9	0.41944223181739315
