method	n_cluster	seed	ari_value
Average-based	10	0	0.2666704406015307
Average-based	10	1	0.2666704406015307
Average-based	10	2	0.26696351755543957
Average-based	10	3	0.2658550892298171
Average-based	10	4	0.2666704406015307
Average-based	10	5	0.2654828325342633
Average-based	10	6	0.2675321566198443
Average-based	10	7	0.2666704406015307
Average-based	10	8	0.267085046598551
Average-based	10	9	0.2679114402537848
Onehot-based	10	0	0.2507134741725547
Onehot-based	10	1	0.2636099454845693
Onehot-based	10	2	0.26321129870208343
Onehot-based	10	3	0.2643615703115944
Onehot-based	10	4	0.2629282225067471
Onehot-based	10	5	0.26523613423315656
Onehot-based	10	6	0.2517294643614853
Onehot-based	10	7	0.2625193328396544
Onehot-based	10	8	0.26321129870208343
Onehot-based	10	9	0.2636099454845693
wNMF-based	10	0	0.2552006277090309
wNMF-based	10	1	0.25935995569246084
wNMF-based	10	2	0.260193721011574
wNMF-based	10	3	0.25470697425386196
wNMF-based	10	4	0.24986588256572537
wNMF-based	10	5	0.25616159328382615
wNMF-based	10	6	0.25958436680946206
wNMF-based	10	7	0.25720376090723324
wNMF-based	10	8	0.2598155397334299
wNMF-based	10	9	0.2554819250383247
Average-based	11	0	0.23005101300386346
Average-based	11	1	0.24112712485171947
Average-based	11	2	0.21792478869422846
Average-based	11	3	0.23866667472144285
Average-based	11	4	0.226425472333584
Average-based	11	5	0.2412461942599105
Average-based	11	6	0.218567432096706
Average-based	11	7	0.24085028818770116
Average-based	11	8	0.23828001980744637
Average-based	11	9	0.2195483301052868
Onehot-based	11	0	0.23510425070732044
Onehot-based	11	1	0.23346596759861954
Onehot-based	11	2	0.26591814390676366
Onehot-based	11	3	0.23293987041157946
Onehot-based	11	4	0.23673612115102774
Onehot-based	11	5	0.23595220419489965
Onehot-based	11	6	0.23757845649499218
Onehot-based	11	7	0.23889597431876514
Onehot-based	11	8	0.2649989497946958
Onehot-based	11	9	0.2624513573180182
wNMF-based	11	0	0.23724090432807682
wNMF-based	11	1	0.25926234375294277
wNMF-based	11	2	0.25833971157098923
wNMF-based	11	3	0.25730400651210694
wNMF-based	11	4	0.26023852904814593
wNMF-based	11	5	0.23928830754772223
wNMF-based	11	6	0.23668323652681317
wNMF-based	11	7	0.2579662240959002
wNMF-based	11	8	0.2573012314814953
wNMF-based	11	9	0.2578000171250111
Average-based	12	0	0.21297111384626427
Average-based	12	1	0.20942917659521956
Average-based	12	2	0.21679382726553273
Average-based	12	3	0.2167237927736601
Average-based	12	4	0.21286170091343953
Average-based	12	5	0.20893807941646597
Average-based	12	6	0.21309049215726455
Average-based	12	7	0.21728539925411205
Average-based	12	8	0.2167237927736601
Average-based	12	9	0.21279819361430474
Onehot-based	12	0	0.2061795505959991
Onehot-based	12	1	0.19830279588730917
Onehot-based	12	2	0.20611937554667834
Onehot-based	12	3	0.2316200322339311
Onehot-based	12	4	0.20624641532107163
Onehot-based	12	5	0.19596587243949423
Onehot-based	12	6	0.2342924948391683
Onehot-based	12	7	0.24309879071652474
Onehot-based	12	8	0.2032291469322954
Onehot-based	12	9	0.209136282045211
wNMF-based	12	0	0.19860918429705496
wNMF-based	12	1	0.20591567311850573
wNMF-based	12	2	0.20500564181513573
wNMF-based	12	3	0.2057506660869522
wNMF-based	12	4	0.2067681182232924
wNMF-based	12	5	0.20690831961654105
wNMF-based	12	6	0.20334902405344674
wNMF-based	12	7	0.20319050390100754
wNMF-based	12	8	0.20939439111258176
wNMF-based	12	9	0.20236833769232881
Average-based	13	0	0.22075723733087935
Average-based	13	1	0.21920516461971615
Average-based	13	2	0.22065034377589318
Average-based	13	3	0.22090071451346652
Average-based	13	4	0.22072734047947865
Average-based	13	5	0.22117130783022043
Average-based	13	6	0.22292102016374862
Average-based	13	7	0.2207770739430152
Average-based	13	8	0.21735019140550582
Average-based	13	9	0.22072734047947865
Onehot-based	13	0	0.21547895451488933
Onehot-based	13	1	0.21570035334475043
Onehot-based	13	2	0.21191074194961376
Onehot-based	13	3	0.21657396624647757
Onehot-based	13	4	0.21375846076168634
Onehot-based	13	5	0.22044401857419632
Onehot-based	13	6	0.21542494608367194
Onehot-based	13	7	0.2458248870365878
Onehot-based	13	8	0.21538755292647982
Onehot-based	13	9	0.21085469739354623
wNMF-based	13	0	0.20512972045988773
wNMF-based	13	1	0.20480193477313718
wNMF-based	13	2	0.20301989920545224
wNMF-based	13	3	0.20722626455359588
wNMF-based	13	4	0.20231389801174454
wNMF-based	13	5	0.21929048236417756
wNMF-based	13	6	0.22199781561529633
wNMF-based	13	7	0.22209086070573628
wNMF-based	13	8	0.2201157390236389
wNMF-based	13	9	0.2004756806586467
Average-based	14	0	0.2101969567427847
Average-based	14	1	0.2090581305185942
Average-based	14	2	0.210962684760866
Average-based	14	3	0.21010554785344174
Average-based	14	4	0.2079871400189465
Average-based	14	5	0.22497513121565313
Average-based	14	6	0.2101969567427847
Average-based	14	7	0.2086394435032893
Average-based	14	8	0.22172067446196597
Average-based	14	9	0.22172067446196597
Onehot-based	14	0	0.22710212472114016
Onehot-based	14	1	0.22964445516301538
Onehot-based	14	2	0.2175584784913483
Onehot-based	14	3	0.21314617383961368
Onehot-based	14	4	0.22779441120352656
Onehot-based	14	5	0.21954055870565006
Onehot-based	14	6	0.21680768169557404
Onehot-based	14	7	0.22131423757043958
Onehot-based	14	8	0.21871845081235294
Onehot-based	14	9	0.2141407553182804
wNMF-based	14	0	0.21200554411920905
wNMF-based	14	1	0.2099693309005519
wNMF-based	14	2	0.20001738213267364
wNMF-based	14	3	0.21445203378898864
wNMF-based	14	4	0.20923122019161602
wNMF-based	14	5	0.21082546299608962
wNMF-based	14	6	0.205515045788557
wNMF-based	14	7	0.20941048206503338
wNMF-based	14	8	0.2059344248687399
wNMF-based	14	9	0.211585413209056
Average-based	15	0	0.2146273896162424
Average-based	15	1	0.21810250597280814
Average-based	15	2	0.2175548511281596
Average-based	15	3	0.21844970617592338
Average-based	15	4	0.21793754723205286
Average-based	15	5	0.21732051825020118
Average-based	15	6	0.21621467854413215
Average-based	15	7	0.21573606610674742
Average-based	15	8	0.21683427181531784
Average-based	15	9	0.2167684099743224
Onehot-based	15	0	0.22243604010374313
Onehot-based	15	1	0.2258366008921294
Onehot-based	15	2	0.22381729818410412
Onehot-based	15	3	0.22528550376783807
Onehot-based	15	4	0.22098612093381376
Onehot-based	15	5	0.22477313635446217
Onehot-based	15	6	0.22306861674614895
Onehot-based	15	7	0.2241536771590636
Onehot-based	15	8	0.22606503931849517
Onehot-based	15	9	0.2266763106716097
wNMF-based	15	0	0.2065999166732468
wNMF-based	15	1	0.20167055121317382
wNMF-based	15	2	0.2065999166732468
wNMF-based	15	3	0.2062493204193469
wNMF-based	15	4	0.2062311514361764
wNMF-based	15	5	0.20656498644253776
wNMF-based	15	6	0.20088235116426043
wNMF-based	15	7	0.2050352381210324
wNMF-based	15	8	0.20794635264606265
wNMF-based	15	9	0.20225002347441293
Average-based	16	0	0.22320560108781543
Average-based	16	1	0.2233446397556244
Average-based	16	2	0.22090386498582276
Average-based	16	3	0.22042942342234548
Average-based	16	4	0.21393470528457786
Average-based	16	5	0.22376934989785816
Average-based	16	6	0.22370951609168213
Average-based	16	7	0.22353291167730885
Average-based	16	8	0.2235969093417861
Average-based	16	9	0.21960975311644992
Onehot-based	16	0	0.2211599374526015
Onehot-based	16	1	0.2071152599690863
Onehot-based	16	2	0.22125210259981506
Onehot-based	16	3	0.21840266040377251
Onehot-based	16	4	0.22082738014906453
Onehot-based	16	5	0.22197549494782085
Onehot-based	16	6	0.22362919908696416
Onehot-based	16	7	0.2235271202363666
Onehot-based	16	8	0.22000722344353849
Onehot-based	16	9	0.22288399149620786
wNMF-based	16	0	0.21611481347264752
wNMF-based	16	1	0.20918812076871462
wNMF-based	16	2	0.20777247789037526
wNMF-based	16	3	0.21095025060929734
wNMF-based	16	4	0.2081087807524172
wNMF-based	16	5	0.17589502122025594
wNMF-based	16	6	0.20727363127075552
wNMF-based	16	7	0.20868141895339876
wNMF-based	16	8	0.20694547571629204
wNMF-based	16	9	0.20627684455595774
Average-based	17	0	0.22760717589380225
Average-based	17	1	0.22690443146297543
Average-based	17	2	0.19952399639547683
Average-based	17	3	0.2275294705011634
Average-based	17	4	0.22406372006047398
Average-based	17	5	0.22604059776624486
Average-based	17	6	0.22704185895632792
Average-based	17	7	0.22615605816481782
Average-based	17	8	0.22284532478159683
Average-based	17	9	0.21972766457980278
Onehot-based	17	0	0.18274285349167535
Onehot-based	17	1	0.22881362934338711
Onehot-based	17	2	0.22403204612528527
Onehot-based	17	3	0.22352216453840454
Onehot-based	17	4	0.18464710280736546
Onehot-based	17	5	0.23031822813104003
Onehot-based	17	6	0.2315673544138669
Onehot-based	17	7	0.2307011689683526
Onehot-based	17	8	0.17994715250474547
Onehot-based	17	9	0.23167891917173164
wNMF-based	17	0	0.17681909655594585
wNMF-based	17	1	0.21645824147575915
wNMF-based	17	2	0.2163483556893813
wNMF-based	17	3	0.18178100969784
wNMF-based	17	4	0.20659813581579614
wNMF-based	17	5	0.2142343324976833
wNMF-based	17	6	0.2167562719160058
wNMF-based	17	7	0.2158915290428603
wNMF-based	17	8	0.2067918376377211
wNMF-based	17	9	0.20767682903924817
Average-based	18	0	0.173687903570037
Average-based	18	1	0.1842574140283339
Average-based	18	2	0.18795217477621698
Average-based	18	3	0.1871785764554808
Average-based	18	4	0.18280596326151008
Average-based	18	5	0.18278872841066388
Average-based	18	6	0.18133095355381149
Average-based	18	7	0.18364458690343313
Average-based	18	8	0.18608351500705297
Average-based	18	9	0.21555566423066863
Onehot-based	18	0	0.18929181109264107
Onehot-based	18	1	0.18718926503402453
Onehot-based	18	2	0.19068915588862212
Onehot-based	18	3	0.18891366672794385
Onehot-based	18	4	0.1912410990733457
Onehot-based	18	5	0.18073202960666523
Onehot-based	18	6	0.19010807668539778
Onehot-based	18	7	0.19117142985763405
Onehot-based	18	8	0.18961299634015702
Onehot-based	18	9	0.1894311326994331
wNMF-based	18	0	0.1758325423125308
wNMF-based	18	1	0.17841472509850742
wNMF-based	18	2	0.18174468558751297
wNMF-based	18	3	0.18253797174045838
wNMF-based	18	4	0.18120721743903787
wNMF-based	18	5	0.17904042946139415
wNMF-based	18	6	0.18507812520583045
wNMF-based	18	7	0.18490271817819687
wNMF-based	18	8	0.17775669935327038
wNMF-based	18	9	0.1767839767534526
Average-based	19	0	0.19002292840520485
Average-based	19	1	0.19263977312673278
Average-based	19	2	0.18092465677347597
Average-based	19	3	0.18045705615116503
Average-based	19	4	0.171232783270358
Average-based	19	5	0.18075474295454758
Average-based	19	6	0.17848721847211282
Average-based	19	7	0.1842942804825873
Average-based	19	8	0.1835392099401122
Average-based	19	9	0.18123521192921743
Onehot-based	19	0	0.19035182185679372
Onehot-based	19	1	0.18733942620860466
Onehot-based	19	2	0.19028044562302726
Onehot-based	19	3	0.19032958870003563
Onehot-based	19	4	0.1946111633514009
Onehot-based	19	5	0.1743250045915724
Onehot-based	19	6	0.1957330990317824
Onehot-based	19	7	0.16929805755840682
Onehot-based	19	8	0.19278234308630923
Onehot-based	19	9	0.19113572395415598
wNMF-based	19	0	0.17132384208400178
wNMF-based	19	1	0.189786477453712
wNMF-based	19	2	0.17051594732117759
wNMF-based	19	3	0.17960692301860368
wNMF-based	19	4	0.15900353570709433
wNMF-based	19	5	0.1692430657533316
wNMF-based	19	6	0.1495335750201102
wNMF-based	19	7	0.17539582287681296
wNMF-based	19	8	0.17789683727517286
wNMF-based	19	9	0.1865838158391483
Average-based	20	0	0.1833971167264289
Average-based	20	1	0.17926976949329568
Average-based	20	2	0.1816539155078365
Average-based	20	3	0.1839575444112969
Average-based	20	4	0.18070245672728522
Average-based	20	5	0.16532633646462472
Average-based	20	6	0.16988714358945567
Average-based	20	7	0.1782676334982533
Average-based	20	8	0.18115828427271588
Average-based	20	9	0.18320506236764633
Onehot-based	20	0	0.18756257294350348
Onehot-based	20	1	0.168468205618794
Onehot-based	20	2	0.16698902355981501
Onehot-based	20	3	0.18982070566741963
Onehot-based	20	4	0.16983930834913422
Onehot-based	20	5	0.18571568390828194
Onehot-based	20	6	0.1819322411728452
Onehot-based	20	7	0.18305759043296152
Onehot-based	20	8	0.18719194473421108
Onehot-based	20	9	0.18881901707253226
wNMF-based	20	0	0.1734044306123086
wNMF-based	20	1	0.18874729113176866
wNMF-based	20	2	0.16819082849068706
wNMF-based	20	3	0.18847759073067832
wNMF-based	20	4	0.17617961114780412
wNMF-based	20	5	0.1758236202992932
wNMF-based	20	6	0.17428363229537505
wNMF-based	20	7	0.17301596502831199
wNMF-based	20	8	0.18539175131263727
wNMF-based	20	9	0.1691211115114864
