method	n_cluster	seed	ari_value
Average-based	10	0	0.2505005378240441
Average-based	10	1	0.20933531799588054
Average-based	10	2	0.19559073365182628
Average-based	10	3	0.21846627515308334
Average-based	10	4	0.21846627515308334
Average-based	10	5	0.2036081207519738
Average-based	10	6	0.19559073365182628
Average-based	10	7	0.2048178532410891
Average-based	10	8	0.2019134149794134
Average-based	10	9	0.20933531799588054
Onehot-based	10	0	0.20429246806855275
Onehot-based	10	1	0.18743321372962743
Onehot-based	10	2	0.19199773297993553
Onehot-based	10	3	0.19421299127587494
Onehot-based	10	4	0.19750941523054139
Onehot-based	10	5	0.19811873518015946
Onehot-based	10	6	0.19088092471959583
Onehot-based	10	7	0.19938498083259962
Onehot-based	10	8	0.1875701108720614
Onehot-based	10	9	0.19224012358091386
wNMF-based	10	0	0.23823940304256727
wNMF-based	10	1	0.20123324684805294
wNMF-based	10	2	0.23972191995001274
wNMF-based	10	3	0.23774561864347496
wNMF-based	10	4	0.19742004722279596
wNMF-based	10	5	0.2157304967254745
wNMF-based	10	6	0.2394384906539634
wNMF-based	10	7	0.2388750175093579
wNMF-based	10	8	0.2388750175093579
wNMF-based	10	9	0.20739260917369687
Average-based	11	0	0.20512938024168167
Average-based	11	1	0.1964560479351235
Average-based	11	2	0.17743184073419405
Average-based	11	3	0.19314821661327072
Average-based	11	4	0.19686625913226702
Average-based	11	5	0.17908925280263008
Average-based	11	6	0.1964560479351235
Average-based	11	7	0.1936290866586906
Average-based	11	8	0.19650473579718297
Average-based	11	9	0.19340640020157832
Onehot-based	11	0	0.18042437466942826
Onehot-based	11	1	0.1805637356040856
Onehot-based	11	2	0.2035001313984939
Onehot-based	11	3	0.17847003383834684
Onehot-based	11	4	0.2014380819542129
Onehot-based	11	5	0.19485251902585676
Onehot-based	11	6	0.19300165934819816
Onehot-based	11	7	0.17777720252374998
Onehot-based	11	8	0.1810419288347934
Onehot-based	11	9	0.17259830313747287
wNMF-based	11	0	0.20334860136213673
wNMF-based	11	1	0.20349150507306263
wNMF-based	11	2	0.20377397428815605
wNMF-based	11	3	0.20345603058792935
wNMF-based	11	4	0.203806025311239
wNMF-based	11	5	0.21089678923917957
wNMF-based	11	6	0.20345603058792935
wNMF-based	11	7	0.21131796318941692
wNMF-based	11	8	0.2037017364321655
wNMF-based	11	9	0.20349150507306263
Average-based	12	0	0.19096167049028082
Average-based	12	1	0.1977117352823071
Average-based	12	2	0.18288035850496193
Average-based	12	3	0.19096167049028082
Average-based	12	4	0.1974547677170575
Average-based	12	5	0.1929404802877004
Average-based	12	6	0.1906779013453253
Average-based	12	7	0.19784636280993545
Average-based	12	8	0.20590173294250155
Average-based	12	9	0.1907591954418185
Onehot-based	12	0	0.17030187288471135
Onehot-based	12	1	0.18247199872812547
Onehot-based	12	2	0.19004008215889126
Onehot-based	12	3	0.19336298230923923
Onehot-based	12	4	0.18401783095230387
Onehot-based	12	5	0.19250382174103703
Onehot-based	12	6	0.19316598597795506
Onehot-based	12	7	0.19180952339752205
Onehot-based	12	8	0.19397405278546634
Onehot-based	12	9	0.19237045718707066
wNMF-based	12	0	0.19436085639656872
wNMF-based	12	1	0.19708426751985725
wNMF-based	12	2	0.1966780308709552
wNMF-based	12	3	0.197484885774869
wNMF-based	12	4	0.1925944376441247
wNMF-based	12	5	0.19689247609154817
wNMF-based	12	6	0.19773364680769576
wNMF-based	12	7	0.1959596114245469
wNMF-based	12	8	0.20440718124287596
wNMF-based	12	9	0.19313514412621743
Average-based	13	0	0.1990809058991323
Average-based	13	1	0.1789587846664555
Average-based	13	2	0.18747264632327557
Average-based	13	3	0.19819664583827187
Average-based	13	4	0.17864778577670087
Average-based	13	5	0.18843979209637557
Average-based	13	6	0.1790720328420397
Average-based	13	7	0.19763290923393376
Average-based	13	8	0.18844128079645484
Average-based	13	9	0.17802311052274686
Onehot-based	13	0	0.17776856780136005
Onehot-based	13	1	0.17431663113299586
Onehot-based	13	2	0.19694938890060149
Onehot-based	13	3	0.17511443417566827
Onehot-based	13	4	0.17340886012674997
Onehot-based	13	5	0.19837539707655524
Onehot-based	13	6	0.18006277381422617
Onehot-based	13	7	0.1789418482633021
Onehot-based	13	8	0.17360691607463768
Onehot-based	13	9	0.17829064032114544
wNMF-based	13	0	0.1851372961299347
wNMF-based	13	1	0.19467323624582353
wNMF-based	13	2	0.19193349335318136
wNMF-based	13	3	0.19142654186886954
wNMF-based	13	4	0.18507021772079463
wNMF-based	13	5	0.1972438741189351
wNMF-based	13	6	0.18605875309018644
wNMF-based	13	7	0.2144610678729886
wNMF-based	13	8	0.1856460957457553
wNMF-based	13	9	0.1892461626877763
Average-based	14	0	0.17729975143993923
Average-based	14	1	0.17513540400131283
Average-based	14	2	0.1854736009542968
Average-based	14	3	0.1857817068064247
Average-based	14	4	0.17596736115171224
Average-based	14	5	0.17928383684255927
Average-based	14	6	0.17928383684255927
Average-based	14	7	0.1796352694281632
Average-based	14	8	0.18036704660943417
Average-based	14	9	0.18047937630892727
Onehot-based	14	0	0.1739920402284182
Onehot-based	14	1	0.1716429827099127
Onehot-based	14	2	0.17368661229732418
Onehot-based	14	3	0.18086856586898958
Onehot-based	14	4	0.19342026530754752
Onehot-based	14	5	0.18916155356238673
Onehot-based	14	6	0.1809684685158582
Onehot-based	14	7	0.17402838495320305
Onehot-based	14	8	0.17541746397089433
Onehot-based	14	9	0.17428489089325316
wNMF-based	14	0	0.17533339349560587
wNMF-based	14	1	0.18941291258795984
wNMF-based	14	2	0.20294826753299777
wNMF-based	14	3	0.17307142482901658
wNMF-based	14	4	0.17875074616181297
wNMF-based	14	5	0.17283536747118688
wNMF-based	14	6	0.1775319762150214
wNMF-based	14	7	0.1784180748523544
wNMF-based	14	8	0.19483219251921655
wNMF-based	14	9	0.18357055078330928
Average-based	15	0	0.17737364358607138
Average-based	15	1	0.15539096479961698
Average-based	15	2	0.17660767168683542
Average-based	15	3	0.18631166563254448
Average-based	15	4	0.1832993637206614
Average-based	15	5	0.1821045452110412
Average-based	15	6	0.18624225423487617
Average-based	15	7	0.15424431537469938
Average-based	15	8	0.18677901209363662
Average-based	15	9	0.15863526469146516
Onehot-based	15	0	0.17050020410404798
Onehot-based	15	1	0.16833095768651118
Onehot-based	15	2	0.16842018977353723
Onehot-based	15	3	0.16949595995164393
Onehot-based	15	4	0.17856177634604986
Onehot-based	15	5	0.1565427105973544
Onehot-based	15	6	0.17686662102348935
Onehot-based	15	7	0.17444087740428868
Onehot-based	15	8	0.1760620281370633
Onehot-based	15	9	0.16686192440642755
wNMF-based	15	0	0.1792659699336529
wNMF-based	15	1	0.18294321976443734
wNMF-based	15	2	0.18220082283356467
wNMF-based	15	3	0.1837612295784482
wNMF-based	15	4	0.18656960861777874
wNMF-based	15	5	0.1862141539446406
wNMF-based	15	6	0.1788440778593912
wNMF-based	15	7	0.17632719520605825
wNMF-based	15	8	0.1889326215685115
wNMF-based	15	9	0.17512836022788023
Average-based	16	0	0.15921796908210173
Average-based	16	1	0.15840783589973273
Average-based	16	2	0.18300968581628244
Average-based	16	3	0.158190484527851
Average-based	16	4	0.160836721585147
Average-based	16	5	0.15770758278080874
Average-based	16	6	0.16313070103279853
Average-based	16	7	0.16396770484637013
Average-based	16	8	0.18621910165168062
Average-based	16	9	0.16004857242487813
Onehot-based	16	0	0.1824529453421261
Onehot-based	16	1	0.1663759019479763
Onehot-based	16	2	0.1725758074706354
Onehot-based	16	3	0.17610322517105834
Onehot-based	16	4	0.17027944850440238
Onehot-based	16	5	0.17791423122400996
Onehot-based	16	6	0.17629277436561916
Onehot-based	16	7	0.18019892921266148
Onehot-based	16	8	0.17285930162245774
Onehot-based	16	9	0.17903976002164934
wNMF-based	16	0	0.18785985336236563
wNMF-based	16	1	0.18205663627695082
wNMF-based	16	2	0.18097013601513612
wNMF-based	16	3	0.20660477147193732
wNMF-based	16	4	0.1841554901448739
wNMF-based	16	5	0.16924575565411348
wNMF-based	16	6	0.1714239288327959
wNMF-based	16	7	0.17612733904618677
wNMF-based	16	8	0.17844530942081002
wNMF-based	16	9	0.1757398451273223
Average-based	17	0	0.16017867732198302
Average-based	17	1	0.15947460022322268
Average-based	17	2	0.16119150440526286
Average-based	17	3	0.15765518045465662
Average-based	17	4	0.15911557140086358
Average-based	17	5	0.15341796079210632
Average-based	17	6	0.15621764208638475
Average-based	17	7	0.1588513835180405
Average-based	17	8	0.15914880922551694
Average-based	17	9	0.16125988829904098
Onehot-based	17	0	0.14929986568895545
Onehot-based	17	1	0.1600952452301165
Onehot-based	17	2	0.1671634723804135
Onehot-based	17	3	0.16465342999681748
Onehot-based	17	4	0.17624491384322433
Onehot-based	17	5	0.17914912874683173
Onehot-based	17	6	0.16510073228463568
Onehot-based	17	7	0.16198732407589325
Onehot-based	17	8	0.16903198252174575
Onehot-based	17	9	0.17578931938266165
wNMF-based	17	0	0.16353338011763854
wNMF-based	17	1	0.15302044978295454
wNMF-based	17	2	0.1990641060636858
wNMF-based	17	3	0.16924326872575987
wNMF-based	17	4	0.18522457354178715
wNMF-based	17	5	0.16411848248711075
wNMF-based	17	6	0.1709425264582668
wNMF-based	17	7	0.16842810973422237
wNMF-based	17	8	0.15596001122721295
wNMF-based	17	9	0.18860624851260463
Average-based	18	0	0.16158932859415825
Average-based	18	1	0.15732988005787787
Average-based	18	2	0.16057327919396447
Average-based	18	3	0.16227996176393095
Average-based	18	4	0.1578795968248236
Average-based	18	5	0.15491036210382014
Average-based	18	6	0.15924393602193299
Average-based	18	7	0.14438287172204775
Average-based	18	8	0.15662184922158368
Average-based	18	9	0.16255649079528495
Onehot-based	18	0	0.18029734564409505
Onehot-based	18	1	0.1517334351249661
Onehot-based	18	2	0.17314927504222416
Onehot-based	18	3	0.15192366656731762
Onehot-based	18	4	0.17941889928882487
Onehot-based	18	5	0.17245322650280587
Onehot-based	18	6	0.1706985876461927
Onehot-based	18	7	0.1628651183287628
Onehot-based	18	8	0.16109550860602412
Onehot-based	18	9	0.14961410184423232
wNMF-based	18	0	0.1914977658734654
wNMF-based	18	1	0.16370558706370875
wNMF-based	18	2	0.1647536048428607
wNMF-based	18	3	0.18778420507380533
wNMF-based	18	4	0.18143617848685936
wNMF-based	18	5	0.1806755792210035
wNMF-based	18	6	0.15663093291508803
wNMF-based	18	7	0.17709868495542266
wNMF-based	18	8	0.15112776427521252
wNMF-based	18	9	0.16225993936614513
Average-based	19	0	0.14827444581808413
Average-based	19	1	0.16468286601904622
Average-based	19	2	0.15642646908290758
Average-based	19	3	0.14583373165551183
Average-based	19	4	0.1560498643645393
Average-based	19	5	0.1498049369581658
Average-based	19	6	0.16325445385018691
Average-based	19	7	0.14024960627256172
Average-based	19	8	0.14868457452844633
Average-based	19	9	0.14510106797286748
Onehot-based	19	0	0.15774857338375697
Onehot-based	19	1	0.15461097495121415
Onehot-based	19	2	0.1616416874006639
Onehot-based	19	3	0.16565503384325206
Onehot-based	19	4	0.1669088763514194
Onehot-based	19	5	0.17058738513534663
Onehot-based	19	6	0.17139977528028327
Onehot-based	19	7	0.1587891762149683
Onehot-based	19	8	0.17229163134490852
Onehot-based	19	9	0.15759457699066207
wNMF-based	19	0	0.15755223763716028
wNMF-based	19	1	0.16365428054140796
wNMF-based	19	2	0.1489285036142741
wNMF-based	19	3	0.15668921320600293
wNMF-based	19	4	0.16623665628960133
wNMF-based	19	5	0.15841263711219297
wNMF-based	19	6	0.16283435609685726
wNMF-based	19	7	0.16856221841732666
wNMF-based	19	8	0.16217397080222665
wNMF-based	19	9	0.15599750640712085
Average-based	20	0	0.15200675250335158
Average-based	20	1	0.14446449856564345
Average-based	20	2	0.1455831533355349
Average-based	20	3	0.14775416627748825
Average-based	20	4	0.17136763655882978
Average-based	20	5	0.15213180157684603
Average-based	20	6	0.1543658568636956
Average-based	20	7	0.1511296128707144
Average-based	20	8	0.1519091543011122
Average-based	20	9	0.16435246023396016
Onehot-based	20	0	0.15915521019144546
Onehot-based	20	1	0.16480434096037339
Onehot-based	20	2	0.16136947192508752
Onehot-based	20	3	0.16767216856101205
Onehot-based	20	4	0.17054068490785163
Onehot-based	20	5	0.155517253892349
Onehot-based	20	6	0.16903802693684905
Onehot-based	20	7	0.1542960992830202
Onehot-based	20	8	0.1493669036789122
Onehot-based	20	9	0.16032338053600545
wNMF-based	20	0	0.18356351198842222
wNMF-based	20	1	0.15029738931229245
wNMF-based	20	2	0.15780596531295973
wNMF-based	20	3	0.16123848749501743
wNMF-based	20	4	0.17957862457847246
wNMF-based	20	5	0.14906462867733583
wNMF-based	20	6	0.16505770756617164
wNMF-based	20	7	0.16413970170274395
wNMF-based	20	8	0.14408735426008945
wNMF-based	20	9	0.1633389855769631
